CANAL	YEAST	YARLI	SCHPO	KLULA	CRYNE
 0.00000	28.77272	34.04811	47.32522	25.62267	46.47047
28.77272	 0.00000	32.81021	43.76198	25.64681	48.74587
34.04811	32.81021	 0.00000	45.58167	30.74788	48.87219
47.32522	43.76198	45.58167	 0.00000	45.98433	48.07229
25.62267	25.64681	30.74788	45.98433	 0.00000	46.96484
46.47047	48.74587	48.87219	48.07229	46.96484	 0.00000
