CANAL	YEAST	YARLI	SCHPO	KLULA	CRYNE
 0.000000	 4.736435	 6.025138	 9.525906	 4.048447	 9.938351
 4.736435	 0.000000	 6.048180	 8.308050	 4.155309	10.710194
 6.025138	 6.048180	 0.000000	 8.979790	 5.164592	11.669653
 9.525906	 8.308050	 8.979790	 0.000000	 8.892317	 9.671244
 4.048447	 4.155309	 5.164592	 8.892317	 0.000000	 9.807907
 9.938351	10.710194	11.669653	 9.671244	 9.807907	 0.000000
